{
 "cells": [
  {
   "cell_type": "code",
   "execution_count": 1,
   "metadata": {},
   "outputs": [],
   "source": [
    "import networkx as nx\n",
    "import pandas as pd"
   ]
  },
  {
   "cell_type": "code",
   "execution_count": 2,
   "metadata": {},
   "outputs": [],
   "source": [
    "inneradj = pd.read_csv('innercor.csv')\n",
    "outeradj = pd.read_csv('outercor.csv')"
   ]
  },
  {
   "cell_type": "code",
   "execution_count": 3,
   "metadata": {},
   "outputs": [],
   "source": [
    "outer = outeradj.iloc[0:,1:outeradj.shape[1]]\n",
    "inner = inneradj.iloc[0:,1:inneradj.shape[1]]"
   ]
  },
  {
   "cell_type": "code",
   "execution_count": 4,
   "metadata": {},
   "outputs": [],
   "source": [
    "OUTnum = outer.to_numpy()\n",
    "INnum = inner.to_numpy()"
   ]
  },
  {
   "cell_type": "code",
   "execution_count": 5,
   "metadata": {},
   "outputs": [
    {
     "data": {
      "text/plain": [
       "array([[ 1.        ,  0.5768179 , -0.2772185 , -0.69825325,  0.21251186,\n",
       "         0.69560834, -0.33394721, -0.64657909,  0.51610023, -0.15179419,\n",
       "        -0.27322953,  0.69825325,  0.33394721,  0.41736501,  0.03035884,\n",
       "         0.13912167,  0.88040627,  0.58523905,  0.30802055,  0.33394721,\n",
       "        -0.15179419,  0.33394721, -0.83165549,  0.70844727, -0.51610023],\n",
       "       [ 0.5768179 ,  1.        , -0.57977104, -0.54285714,  0.25714286,\n",
       "         0.3927922 , -0.02857143, -0.13522468,  0.37142857,  0.02857143,\n",
       "        -0.48571429,  0.54285714,  0.54285714, -0.13093073, -0.37142857,\n",
       "         0.65465367,  0.65714286,  0.55078248,  0.11595421,  0.42857143,\n",
       "        -0.08571429,  0.42857143, -0.69572524,  0.49280538, -0.37142857],\n",
       "       [-0.2772185 , -0.57977104,  1.        ,  0.81167945, -0.60875959,\n",
       "        -0.53136893,  0.43482828,  0.37729689, -0.81167945,  0.37685117,\n",
       "         0.        , -0.81167945, -0.98561076,  0.66421116,  0.89864511,\n",
       "        -0.53136893, -0.63774814, -0.79411765, -0.79411765, -0.92763366,\n",
       "         0.75370235, -0.92763366,  0.64705882, -0.79411765,  0.81167945],\n",
       "       [-0.69825325, -0.54285714,  0.81167945,  1.        , -0.37142857,\n",
       "        -0.65465367,  0.6       ,  0.77754191, -0.82857143,  0.6       ,\n",
       "        -0.02857143, -1.        , -0.82857143,  0.13093073,  0.65714286,\n",
       "        -0.3927922 , -0.94285714, -0.92763366, -0.75370235, -0.77142857,\n",
       "         0.77142857, -0.77142857,  0.92763366, -0.98561076,  0.82857143],\n",
       "       [ 0.21251186,  0.25714286, -0.60875959, -0.37142857,  1.        ,\n",
       "         0.65465367, -0.08571429, -0.10141851,  0.77142857,  0.25714286,\n",
       "        -0.25714286,  0.37142857,  0.65714286, -0.65465367, -0.37142857,\n",
       "         0.13093073,  0.25714286,  0.34786262,  0.75370235,  0.82857143,\n",
       "        -0.2       ,  0.82857143, -0.20291986,  0.46381683, -0.77142857],\n",
       "       [ 0.69560834,  0.3927922 , -0.53136893, -0.65465367,  0.65465367,\n",
       "         1.        , -0.65465367, -0.30983867,  0.65465367,  0.13093073,\n",
       "         0.13093073,  0.65465367,  0.65465367, -0.2       , -0.13093073,\n",
       "        -0.2       ,  0.65465367,  0.3985267 ,  0.66421116,  0.65465367,\n",
       "        -0.3927922 ,  0.65465367, -0.53136893,  0.66421116, -0.65465367],\n",
       "       [-0.33394721, -0.02857143,  0.43482828,  0.6       , -0.08571429,\n",
       "        -0.65465367,  1.        ,  0.30425553, -0.31428571,  0.31428571,\n",
       "        -0.77142857, -0.6       , -0.54285714,  0.13093073,  0.25714286,\n",
       "         0.3927922 , -0.48571429, -0.28988552, -0.52179393, -0.37142857,\n",
       "         0.77142857, -0.37142857,  0.37685117, -0.52179393,  0.31428571],\n",
       "       [-0.64657909, -0.13522468,  0.37729689,  0.77754191, -0.10141851,\n",
       "        -0.30983867,  0.30425553,  1.        , -0.6761234 ,  0.77754191,\n",
       "         0.10141851, -0.77754191, -0.37186787, -0.30983867,  0.37186787,\n",
       "        -0.30983867, -0.77754191, -0.82319321, -0.56594533, -0.43948021,\n",
       "         0.54089872, -0.43948021,  0.78889349, -0.82319321,  0.6761234 ],\n",
       "       [ 0.51610023,  0.37142857, -0.81167945, -0.82857143,  0.77142857,\n",
       "         0.65465367, -0.31428571, -0.6761234 ,  1.        , -0.37142857,\n",
       "        -0.2       ,  0.82857143,  0.82857143, -0.3927922 , -0.65714286,\n",
       "         0.3927922 ,  0.71428571,  0.840668  ,  0.92763366,  0.94285714,\n",
       "        -0.6       ,  0.94285714, -0.69572524,  0.89864511, -1.        ],\n",
       "       [-0.15179419,  0.02857143,  0.37685117,  0.6       ,  0.25714286,\n",
       "         0.13093073,  0.31428571,  0.77754191, -0.37142857,  1.        ,\n",
       "        -0.2       , -0.6       , -0.31428571, -0.13093073,  0.6       ,\n",
       "        -0.3927922 , -0.48571429, -0.69572524, -0.37685117, -0.25714286,\n",
       "         0.71428571, -0.25714286,  0.55078248, -0.57977104,  0.37142857],\n",
       "       [-0.27322953, -0.48571429,  0.        , -0.02857143, -0.25714286,\n",
       "         0.13093073, -0.77142857,  0.10141851, -0.2       , -0.2       ,\n",
       "         1.        ,  0.02857143,  0.08571429, -0.13093073, -0.02857143,\n",
       "        -0.65465367, -0.14285714, -0.23190841,  0.14494276, -0.08571429,\n",
       "        -0.54285714, -0.08571429,  0.23190841, -0.0579771 ,  0.2       ],\n",
       "       [ 0.69825325,  0.54285714, -0.81167945, -1.        ,  0.37142857,\n",
       "         0.65465367, -0.6       , -0.77754191,  0.82857143, -0.6       ,\n",
       "         0.02857143,  1.        ,  0.82857143, -0.13093073, -0.65714286,\n",
       "         0.3927922 ,  0.94285714,  0.92763366,  0.75370235,  0.77142857,\n",
       "        -0.77142857,  0.77142857, -0.92763366,  0.98561076, -0.82857143],\n",
       "       [ 0.33394721,  0.54285714, -0.98561076, -0.82857143,  0.65714286,\n",
       "         0.65465367, -0.54285714, -0.37186787,  0.82857143, -0.31428571,\n",
       "         0.08571429,  0.82857143,  1.        , -0.65465367, -0.82857143,\n",
       "         0.3927922 ,  0.65714286,  0.75370235,  0.840668  ,  0.94285714,\n",
       "        -0.77142857,  0.94285714, -0.63774814,  0.81167945, -0.82857143],\n",
       "       [ 0.41736501, -0.13093073,  0.66421116,  0.13093073, -0.65465367,\n",
       "        -0.2       ,  0.13093073, -0.30983867, -0.3927922 , -0.13093073,\n",
       "        -0.13093073, -0.13093073, -0.65465367,  1.        ,  0.65465367,\n",
       "        -0.2       ,  0.13093073, -0.13284223, -0.53136893, -0.65465367,\n",
       "         0.3927922 , -0.65465367, -0.13284223, -0.13284223,  0.3927922 ],\n",
       "       [ 0.03035884, -0.37142857,  0.89864511,  0.65714286, -0.37142857,\n",
       "        -0.13093073,  0.25714286,  0.37186787, -0.65714286,  0.6       ,\n",
       "        -0.02857143, -0.65714286, -0.82857143,  0.65465367,  1.        ,\n",
       "        -0.65465367, -0.42857143, -0.75370235, -0.66673669, -0.77142857,\n",
       "         0.77142857, -0.77142857,  0.49280538, -0.63774814,  0.65714286],\n",
       "       [ 0.13912167,  0.65465367, -0.53136893, -0.3927922 ,  0.13093073,\n",
       "        -0.2       ,  0.3927922 , -0.30983867,  0.3927922 , -0.3927922 ,\n",
       "        -0.65465367,  0.3927922 ,  0.3927922 , -0.2       , -0.65465367,\n",
       "         1.        ,  0.3927922 ,  0.66421116,  0.13284223,  0.3927922 ,\n",
       "        -0.13093073,  0.3927922 , -0.53136893,  0.3985267 , -0.3927922 ],\n",
       "       [ 0.88040627,  0.65714286, -0.63774814, -0.94285714,  0.25714286,\n",
       "         0.65465367, -0.48571429, -0.77754191,  0.71428571, -0.48571429,\n",
       "        -0.14285714,  0.94285714,  0.65714286,  0.13093073, -0.42857143,\n",
       "         0.3927922 ,  1.        ,  0.86965655,  0.55078248,  0.6       ,\n",
       "        -0.54285714,  0.6       , -0.98561076,  0.92763366, -0.71428571],\n",
       "       [ 0.58523905,  0.55078248, -0.79411765, -0.92763366,  0.34786262,\n",
       "         0.3985267 , -0.28988552, -0.82319321,  0.840668  , -0.69572524,\n",
       "        -0.23190841,  0.92763366,  0.75370235, -0.13284223, -0.75370235,\n",
       "         0.66421116,  0.86965655,  1.        ,  0.69117647,  0.75370235,\n",
       "        -0.66673669,  0.75370235, -0.91176471,  0.94117647, -0.840668  ],\n",
       "       [ 0.30802055,  0.11595421, -0.79411765, -0.75370235,  0.75370235,\n",
       "         0.66421116, -0.52179393, -0.56594533,  0.92763366, -0.37685117,\n",
       "         0.14494276,  0.75370235,  0.840668  , -0.53136893, -0.66673669,\n",
       "         0.13284223,  0.55078248,  0.69117647,  1.        ,  0.92763366,\n",
       "        -0.75370235,  0.92763366, -0.5       ,  0.80882353, -0.92763366],\n",
       "       [ 0.33394721,  0.42857143, -0.92763366, -0.77142857,  0.82857143,\n",
       "         0.65465367, -0.37142857, -0.43948021,  0.94285714, -0.25714286,\n",
       "        -0.08571429,  0.77142857,  0.94285714, -0.65465367, -0.77142857,\n",
       "         0.3927922 ,  0.6       ,  0.75370235,  0.92763366,  1.        ,\n",
       "        -0.65714286,  1.        , -0.57977104,  0.81167945, -0.94285714],\n",
       "       [-0.15179419, -0.08571429,  0.75370235,  0.77142857, -0.2       ,\n",
       "        -0.3927922 ,  0.77142857,  0.54089872, -0.6       ,  0.71428571,\n",
       "        -0.54285714, -0.77142857, -0.77142857,  0.3927922 ,  0.77142857,\n",
       "        -0.13093073, -0.54285714, -0.66673669, -0.75370235, -0.65714286,\n",
       "         1.        , -0.65714286,  0.52179393, -0.72471379,  0.6       ],\n",
       "       [ 0.33394721,  0.42857143, -0.92763366, -0.77142857,  0.82857143,\n",
       "         0.65465367, -0.37142857, -0.43948021,  0.94285714, -0.25714286,\n",
       "        -0.08571429,  0.77142857,  0.94285714, -0.65465367, -0.77142857,\n",
       "         0.3927922 ,  0.6       ,  0.75370235,  0.92763366,  1.        ,\n",
       "        -0.65714286,  1.        , -0.57977104,  0.81167945, -0.94285714],\n",
       "       [-0.83165549, -0.69572524,  0.64705882,  0.92763366, -0.20291986,\n",
       "        -0.53136893,  0.37685117,  0.78889349, -0.69572524,  0.55078248,\n",
       "         0.23190841, -0.92763366, -0.63774814, -0.13284223,  0.49280538,\n",
       "        -0.53136893, -0.98561076, -0.91176471, -0.5       , -0.57977104,\n",
       "         0.52179393, -0.57977104,  1.        , -0.91176471,  0.69572524],\n",
       "       [ 0.70844727,  0.49280538, -0.79411765, -0.98561076,  0.46381683,\n",
       "         0.66421116, -0.52179393, -0.82319321,  0.89864511, -0.57977104,\n",
       "        -0.0579771 ,  0.98561076,  0.81167945, -0.13284223, -0.63774814,\n",
       "         0.3985267 ,  0.92763366,  0.94117647,  0.80882353,  0.81167945,\n",
       "        -0.72471379,  0.81167945, -0.91176471,  1.        , -0.89864511],\n",
       "       [-0.51610023, -0.37142857,  0.81167945,  0.82857143, -0.77142857,\n",
       "        -0.65465367,  0.31428571,  0.6761234 , -1.        ,  0.37142857,\n",
       "         0.2       , -0.82857143, -0.82857143,  0.3927922 ,  0.65714286,\n",
       "        -0.3927922 , -0.71428571, -0.840668  , -0.92763366, -0.94285714,\n",
       "         0.6       , -0.94285714,  0.69572524, -0.89864511,  1.        ]])"
      ]
     },
     "execution_count": 5,
     "metadata": {},
     "output_type": "execute_result"
    }
   ],
   "source": [
    "OUTnum"
   ]
  },
  {
   "cell_type": "code",
   "execution_count": 6,
   "metadata": {},
   "outputs": [],
   "source": [
    "outerG = nx.from_numpy_matrix(OUTnum)\n",
    "innerG = nx.from_numpy_matrix(INnum)"
   ]
  },
  {
   "cell_type": "code",
   "execution_count": 7,
   "metadata": {},
   "outputs": [
    {
     "data": {
      "text/plain": [
       "(True, True)"
      ]
     },
     "execution_count": 7,
     "metadata": {},
     "output_type": "execute_result"
    }
   ],
   "source": [
    "nx.algorithms.is_connected(outerG), nx.algorithms.is_connected(innerG)"
   ]
  },
  {
   "cell_type": "code",
   "execution_count": null,
   "metadata": {},
   "outputs": [],
   "source": []
  }
 ],
 "metadata": {
  "kernelspec": {
   "display_name": "Python 3",
   "language": "python",
   "name": "python3"
  },
  "language_info": {
   "codemirror_mode": {
    "name": "ipython",
    "version": 3
   },
   "file_extension": ".py",
   "mimetype": "text/x-python",
   "name": "python",
   "nbconvert_exporter": "python",
   "pygments_lexer": "ipython3",
   "version": "3.6.8"
  }
 },
 "nbformat": 4,
 "nbformat_minor": 2
}
